000
002
003
005
007
009
00a
00c
00d
00f
011
012
014
015
017
018
01a
01b
01c
01e
01f
020
022
023
024
026
027
028
029
02b
02c
02d
02e
02f
030
031
032
033
034
035
036
037
038
039
03a
03b
03c
03d
03e
03f
040
040
041
042
043
044
044
045
046
046
047
048
048
049
04a
04a
04b
04b
04c
04d
04d
04e
04e
04f
04f
050
050
050
051
051
052
052
053
053
053
054
054
054
054
055
055
055
056
056
056
056
056
057
057
057
057
057
057
058
058
058
058
058
058
058
058
058
058
058
058
058
058
058
058
058
058
058
058
058
058
057
057
057
057
057
057
056
056
056
056
056
055
055
055
055
054
054
054
054
053
053
053
052
052
052
051
051
051
050
050
04f
04f
04f
04e
04e
04d
04d
04c
04c
04b
04b
04a
04a
049
049
048
048
047
047
046
046
045
044
044
043
043
042
041
041
040
03f
03f
03e
03d
03d
03c
03b
03b
03a
039
039
038
037
036
036
035
034
033
033
032
031
030
02f
02f
02e
02d
02c
02b
02a
02a
029
028
027
026
025
024
023
022
022
021
020
01f
01e
01d
01c
01b
01a
019
018
017
016
015
014
013
012
011
010
00f
00e
00d
00c
00b
00a
009
008
007
006
004
003
002
001